162 203 192 202 191 248 165 250 
190 200 215 200 216 243 194 247 
217 203 237 201 240 247 219 244 
242 202 265 198 268 245 245 243 
269 199 291 200 289 244 270 246 
297 203 315 202 315 247 291 246 
316 202 338 201 339 246 317 244 
337 201 360 202 364 247 337 244 
362 201 389 198 391 247 369 245 
388 198 417 199 413 249 389 245 
413 201 435 202 437 248 411 251 
435 203 462 200 465 252 436 248 
459 199 489 201 492 253 461 252 
485 204 505 203 511 248 490 251 
508 205 537 203 537 247 514 247 
539 203 561 203 560 247 538 248 
562 205 582 203 584 255 563 254 
579 202 609 202 609 253 585 251 
607 201 631 203 631 247 610 249 
632 204 657 207 660 247 635 249 
